# Detector locations exported from traps(OVpossumCH)
# Sun Feb 03 4:05:25 p.m. 2019 
# Detector  x  y 
5157 2674950 5982570
5457 2674980 5982570
5454 2674980 5982540
5751 2675010 5982510
5754 2675010 5982540
5757 2675010 5982570
6057 2675040 5982570
6357 2675070 5982570
6354 2675070 5982540
6054 2675040 5982540
6051 2675040 5982510
6351 2675070 5982510
6651 2675100 5982510
6951 2675130 5982510
7251 2675160 5982510
7254 2675160 5982540
7257 2675160 5982570
6954 2675130 5982540
6654 2675100 5982540
6957 2675130 5982570
7260 2675160 5982600
7263 2675160 5982630
6960 2675130 5982600
6657 2675100 5982570
6660 2675100 5982600
6663 2675100 5982630
6963 2675130 5982630
7266 2675160 5982660
7269 2675160 5982690
6966 2675130 5982660
6666 2675100 5982660
6969 2675130 5982690
7272 2675160 5982720
6972 2675130 5982720
6669 2675100 5982690
6672 2675100 5982720
6675 2675100 5982750
6678 2675100 5982780
6381 2675070 5982810
6384 2675070 5982840
6681 2675100 5982810
6981 2675130 5982810
7281 2675160 5982810
7278 2675160 5982780
6978 2675130 5982780
7275 2675160 5982750
6975 2675130 5982750
5766 2675010 5982660
5769 2675010 5982690
5772 2675010 5982720
5775 2675010 5982750
5475 2674980 5982750
5472 2674980 5982720
5469 2674980 5982690
5466 2674980 5982660
5166 2674950 5982660
5169 2674950 5982690
5172 2674950 5982720
5175 2674950 5982750
4875 2674920 5982750
4872 2674920 5982720
4869 2674920 5982690
4866 2674920 5982660
4863 2674920 5982630
4563 2674890 5982630
4566 2674890 5982660
4569 2674890 5982690
4572 2674890 5982720
4575 2674890 5982750
4578 2674890 5982780
4878 2674920 5982780
5178 2674950 5982780
5478 2674980 5982780
5778 2675010 5982780
6078 2675040 5982780
6075 2675040 5982750
6072 2675040 5982720
6069 2675040 5982690
6066 2675040 5982660
6063 2675040 5982630
5763 2675010 5982630
5463 2674980 5982630
5163 2674950 5982630
4860 2674920 5982600
4560 2674890 5982600
4260 2674860 5982600
4263 2674860 5982630
4266 2674860 5982660
4269 2674860 5982690
4272 2674860 5982720
4275 2674860 5982750
4278 2674860 5982780
4881 2674920 5982810
4884 2674920 5982840
5181 2674950 5982810
5481 2674980 5982810
5781 2675010 5982810
6081 2675040 5982810
6378 2675070 5982780
6375 2675070 5982750
6372 2675070 5982720
6369 2675070 5982690
6366 2675070 5982660
6363 2675070 5982630
6360 2675070 5982600
6060 2675040 5982600
5760 2675010 5982600
5460 2674980 5982600
5160 2674950 5982600
4257 2674860 5982570
4557 2674890 5982570
4857 2674920 5982570
5154 2674950 5982540
5451 2674980 5982510
5151 2674950 5982510
4851 2674920 5982510
4551 2674890 5982510
4554 2674890 5982540
4854 2674920 5982540
4254 2674860 5982540
4251 2674860 5982510
3951 2674830 5982510
3954 2674830 5982540
3651 2674800 5982510
3351 2674770 5982510
3051 2674740 5982510
3054 2674740 5982540
2754 2674710 5982540
2757 2674710 5982570
3060 2674740 5982600
3057 2674740 5982570
3354 2674770 5982540
3654 2674800 5982540
3657 2674800 5982570
3957 2674830 5982570
3357 2674770 5982570
3360 2674770 5982600
3363 2674770 5982630
3660 2674800 5982600
3960 2674830 5982600
3663 2674800 5982630
3963 2674830 5982630
3666 2674800 5982660
3966 2674830 5982660
3969 2674830 5982690
3669 2674800 5982690
3366 2674770 5982660
3369 2674770 5982690
3372 2674770 5982720
3069 2674740 5982690
3066 2674740 5982660
3063 2674740 5982630
3072 2674740 5982720
3075 2674740 5982750
3378 2674770 5982780
3681 2674800 5982810
3984 2674830 5982840
3981 2674830 5982810
4284 2674860 5982840
4584 2674890 5982840
4581 2674890 5982810
4281 2674860 5982810
3978 2674830 5982780
3975 2674830 5982750
3675 2674800 5982750
3672 2674800 5982720
3972 2674830 5982720
